0.0000 90.0000 180.0000 270.0000
4.1647 94.9992 188.6787 277.8083
10.9321 100.7909 196.3118 285.6038
16.9672 104.7312 200.8851 291.4234
19.0050 106.6129 202.7058 294.0992
19.7263 107.2472 203.5947 295.3780
19.9896 107.4770 204.0947 296.0910
20.0888 107.5613 204.4162 296.5567
20.1241 107.5913 204.5974 296.8226
20.1366 107.6020 204.7036 296.9772
20.1410 107.6058 204.7665 297.0696
20.1426 107.6071 204.8080 297.1301
20.1432 107.6076 204.8362 297.1714
20.1434 107.6078 204.8554 297.1995
20.1434 107.6078 204.8684 297.2186
20.1435 107.6078 204.8773 297.2317
20.1435 107.6078 204.8834 297.2406
20.1435 107.6078 204.8875 297.2467
20.1435 107.6078 204.8903 297.2509
