0.0000 90.0000 180.0000 270.0000
0.4208 74.2425 179.2872 261.7566
347.2684 64.8030 172.6098 257.3934
343.2224 64.7290 172.6098 253.3462
341.3653 64.5957 172.6098 251.6123
340.3568 64.3880 172.6098 250.8559
339.7890 64.2431 172.6098 250.4637
339.4381 64.1351 172.6098 250.2413
339.2092 64.0482 172.6098 250.1131
339.0692 63.9884 172.6098 250.0438
338.9753 63.9506 172.6098 249.9957
338.9126 63.9257 172.6098 249.9629
338.8707 63.9092 172.6098 249.9409
338.8426 63.8982 172.6098 249.9261
338.8238 63.8908 172.6098 249.9162
338.8112 63.8859 172.6098 249.9096
338.8028 63.8826 172.6098 249.9051
338.7972 63.8804 172.6098 249.9021
338.7934 63.8789 172.6098 249.9001
