0.0000 90.0000 180.0000 270.0000
357.4167 91.2368 180.3962 262.5621
354.6340 90.9484 178.3997 255.5374
353.5146 89.0894 175.5674 252.8471
353.0099 87.4234 172.5852 250.5181
352.6966 86.1453 169.6769 248.3566
352.4508 84.5566 166.8826 246.7875
352.1454 82.6999 164.7772 245.9412
351.8062 81.4723 163.5919 245.4151
351.5513 80.8003 162.9121 245.0451
351.3824 80.4351 162.5564 244.8298
351.2845 80.2107 162.3429 244.7085
351.2276 80.0773 162.2128 244.6346
351.1993 80.0031 162.1339 244.5898
351.1809 79.9571 162.0870 244.5626
351.1693 79.9288 162.0587 244.5464
351.1621 79.9113 162.0415 244.5366
351.1577 79.9006 162.0309 244.5304
351.1550 79.8940 162.0237 244.5259
351.1533 79.8899 162.0189 244.5229
351.1523 79.8872 162.0157 244.5208
