0.0000 90.0000 180.0000 270.0000
6.5229 88.2630 172.6311 270.2376
9.3534 87.6092 170.0018 270.3811
10.2720 87.4111 169.0645 270.3017
10.5996 87.2892 168.6900 270.2790
10.7012 87.1450 168.5087 270.2670
10.7000 87.0185 168.4247 270.2533
10.6596 86.8894 168.3737 270.2383
10.6011 86.7506 168.3320 270.2220
10.5316 86.5990 168.2914 270.2042
10.4530 86.4328 168.2485 270.1846
10.3655 86.2504 168.2021 270.1631
10.2686 86.0504 168.1514 270.1393
10.1614 85.8314 168.0960 270.1130
10.0431 85.5919 168.0354 270.0841
9.9126 85.3305 167.9694 270.0523
9.7830 85.0642 167.8974 270.0173
9.6505 84.7816 167.8226 269.9808
9.4617 84.4058 167.7439 269.9430
9.2063 83.9467 167.6636 269.9003
8.9118 83.3493 167.5453 269.8840
8.5376 82.6014 167.3924 269.8662
8.0561 81.6776 167.2010 269.8436
7.5573 80.7432 166.9658 269.7617
6.8715 79.6062 166.7346 269.6483
5.9530 78.2774 166.4747 269.5040
5.1314 76.9776 166.1203 269.3186
4.0831 75.4165 165.7552 269.1219
3.0184 74.0424 165.4244 268.8918
1.9984 72.6064 165.0233 268.6546
0.8215 71.1098 164.6088 268.3586
359.8953 69.9737 164.2760 268.0895
359.0888 68.7422 163.9156 268.0050
358.4194 67.6457 163.5784 267.9427
357.9851 67.0201 163.3897 267.8869
357.5898 66.5167 163.2704 267.8489
357.1804 66.0242 163.1245 267.7782
356.7898 65.5904 162.9697 267.6639
356.3484 65.1582 162.8199 267.5122
355.8233 64.6843 162.6685 267.3353
355.3429 64.2608 162.5068 267.1288
354.8919 63.9709 162.4056 266.9191
354.4899 63.7490 162.3308 266.7223
354.0390 63.5001 162.2702 266.5259
353.4588 63.2233 162.2099 266.2644
352.7769 62.9334 162.1395 265.9225
352.0499 62.6659 162.0568 265.4982
351.2570 62.3898 161.9646 265.0078
350.2358 62.0080 161.8567 264.4076
349.3721 61.5507 161.6006 263.8114
348.5651 61.0275 161.2658 263.2136
