0.0000 90.0000 180.0000 270.0000
0.0524 97.7332 184.3408 266.1538
0.0524 99.2800 186.1813 266.3148
0.0524 99.2800 186.9782 266.9172
0.0524 99.2800 187.5231 267.3369
0.0524 99.2800 187.8993 267.6304
0.0524 99.2800 188.1564 267.8310
0.0524 99.2800 188.3302 267.9693
0.0524 99.2800 188.4448 268.0602
0.0524 99.2800 188.5234 268.1217
0.0524 99.2800 188.5768 268.1638
0.0524 99.2800 188.6131 268.1925
0.0524 99.2800 188.6378 268.2120
0.0524 99.2800 188.6545 268.2253
0.0524 99.2800 188.6659 268.2344
0.0524 99.2800 188.6737 268.2406
0.0524 99.2800 188.6790 268.2448
