0.0000 90.0000 180.0000 270.0000
358.0060 89.6988 183.2554 271.4754
357.3279 89.8309 185.5463 273.0619
357.3751 90.1929 187.6008 275.0828
357.9506 90.9442 189.4912 277.1564
358.8924 91.9743 191.0029 278.8290
359.9248 93.0748 192.2028 280.1084
0.6996 93.8645 193.1984 281.1944
1.2585 94.3897 193.9931 282.0918
1.7888 94.9197 194.6614 282.7909
2.3803 95.5188 195.2473 283.3599
3.1161 96.2261 195.7538 283.8569
4.0812 97.1863 196.2643 284.3038
5.3782 98.5397 196.8419 284.7706
7.0241 100.3572 197.4510 285.2363
8.4752 102.0934 198.1713 285.7528
9.4327 103.3497 198.9435 286.2409
10.1332 104.3373 199.7304 286.7331
10.6806 105.2437 200.6172 287.2247
11.1555 106.2334 201.7246 287.7442
11.6706 107.2891 202.9854 288.3557
12.3109 108.3027 204.2598 289.1520
13.1190 109.1732 205.3736 290.1632
14.1527 109.8565 205.9778 291.1466
15.4696 110.6205 206.2576 292.0359
17.0912 111.5958 206.5120 293.0313
19.0792 112.8266 206.7822 294.2026
21.3788 114.4620 207.1196 295.4171
24.0409 117.1199 207.4745 296.2752
26.8138 120.8923 207.7323 296.8105
28.2138 121.7318 207.9128 298.0527
29.2913 121.7318 208.2196 299.5446
30.4627 121.7318 208.5454 301.0540
31.5291 121.7318 208.8342 302.3841
32.3124 121.7318 209.0988 303.4056
32.9115 121.7318 209.3076 304.1759
33.3733 121.7318 209.4683 304.7585
33.7526 121.7318 209.6002 305.2318
34.0138 121.7318 209.7350 305.5981
34.1840 121.7318 209.8461 305.8607
34.3278 121.7318 209.9269 306.0714
34.4478 121.7318 209.9907 306.2408
34.5463 121.7318 210.0447 306.3806
34.6171 121.7318 210.0970 306.4937
34.6719 121.7318 210.1414 306.5849
34.7115 121.7318 210.1778 306.6550
34.7393 121.7318 210.2064 306.7073
34.7597 121.7318 210.2280 306.7463
34.7748 121.7318 210.2443 306.7754
34.7861 121.7318 210.2564 306.7970
34.7945 121.7318 210.2654 306.8132
