0.0000 90.0000 180.0000 270.0000
359.4181 96.2921 196.2601 268.3258
359.9080 98.2828 208.4510 292.2940
11.5902 98.2828 209.1972 306.4644
13.8497 98.2828 209.1972 309.3997
17.6299 98.2828 209.1972 313.0668
20.1161 98.3870 209.1972 314.7275
21.2905 98.9247 209.1972 314.7275
22.7099 99.6209 209.1972 314.7275
25.0462 100.9178 209.1972 314.7275
29.0676 103.7700 209.1972 314.7275
32.7991 107.2872 209.1972 314.7275
35.4906 109.0723 209.1972 315.9395
38.5377 110.1952 209.1972 318.2077
43.8304 111.1360 209.1972 322.3703
47.4541 112.1770 209.1972 324.2794
47.8186 112.5536 209.1972 324.2794
47.8484 112.5840 209.1972 324.2794
47.8484 112.5840 209.1972 324.2794
