0.0000 90.0000 180.0000 270.0000
354.9796 90.7999 177.9641 274.1242
352.6207 89.2294 178.0163 274.5743
349.8554 87.5920 177.6313 273.8954
346.6500 85.9381 176.8821 271.9159
342.8497 84.1655 175.6112 268.0413
337.7372 82.1676 173.4703 260.1394
333.1091 80.6479 169.4470 245.7189
332.8135 79.2939 161.0099 236.7397
332.8135 76.4052 158.2671 236.6581
332.8135 74.7086 156.2772 235.6726
332.8135 74.4727 154.9289 233.8771
332.8135 74.3623 153.2074 231.6864
332.8135 74.1309 151.7027 230.1521
332.8135 73.7460 150.9681 229.7565
332.8135 73.4360 150.6188 229.7123
332.8135 73.2417 150.4167 229.7015
332.8135 73.1333 150.3096 229.7015
332.8135 73.0741 150.2516 229.7015
332.8135 73.0419 150.2202 229.7015
332.8135 73.0243 150.2032 229.7015
332.8135 73.0148 150.1939 229.7015
332.8135 73.0096 150.1889 229.7015
332.8135 73.0068 150.1861 229.7015
