0.0000 90.0000 180.0000 270.0000
18.8545 93.5160 180.6793 265.6593
19.3189 93.6359 180.6488 265.7355
19.6002 93.7142 180.6488 265.7872
19.7958 93.7729 180.6488 265.8190
19.9475 93.8216 180.6488 265.8407
20.0840 93.8685 180.6488 265.8573
20.2077 93.9117 180.6488 265.8719
20.3314 93.9564 180.6488 265.8851
20.4551 94.0017 180.6488 265.8981
20.5838 94.0495 180.6488 265.9111
20.7246 94.1030 180.6488 265.9246
20.8818 94.1635 180.6488 265.9393
21.0684 94.2371 180.6488 265.9557
21.2892 94.3254 180.6488 265.9749
21.5596 94.4359 180.6488 265.9977
21.9210 94.5886 180.6488 266.0256
22.4476 94.8053 180.6488 266.0777
23.2635 95.1515 180.6488 266.1607
24.6085 95.7714 180.6488 266.2892
27.0983 97.1061 180.6488 266.4986
30.9987 99.7833 180.6488 266.7817
33.7965 102.3556 180.6488 266.9268
34.1115 102.6835 180.6488 266.9268
34.1115 102.6835 180.6488 266.9268
