0.0000 90.0000 180.0000 270.0000
356.8644 93.7082 178.8784 264.8575
355.6919 94.7541 178.7117 263.3291
354.0489 94.9775 178.7435 262.0497
351.9952 94.6781 178.6019 260.5851
350.1215 93.9528 178.1406 259.2989
348.8590 92.8760 177.5696 258.6812
347.7846 91.6697 176.8862 258.2134
346.9759 90.5701 176.0917 257.7827
346.2786 89.6307 175.3805 257.4217
345.6639 88.7975 174.7304 257.0911
345.0353 87.7211 173.9301 256.8064
344.3803 86.2637 172.6708 256.3727
343.7004 84.5467 171.0246 255.7695
342.8651 82.5338 169.0263 254.9574
341.7138 80.4731 166.6012 253.7220
340.1202 78.0862 163.5242 251.9935
337.7940 75.0888 158.5754 249.1969
335.3561 72.3834 150.3905 244.9259
334.1731 68.5671 146.3283 243.5815
333.8820 66.5278 144.9227 243.3976
333.8319 65.6990 144.3101 243.3659
333.8233 65.2739 144.0042 243.3604
333.8218 65.0065 143.8123 243.3595
333.8215 64.8949 143.7301 243.3593
333.8215 64.8476 143.6955 243.3593
333.8215 64.8276 143.6809 243.3593
333.8215 64.8192 143.6748 243.3593
333.8215 64.8156 143.6722 243.3593
