0.0000 90.0000 180.0000 270.0000
7.0045 87.3305 169.4754 265.5875
8.6057 83.0204 156.0460 259.5979
7.4899 75.7144 151.5113 259.3279
5.3525 69.1283 148.7310 259.3279
3.2128 67.0509 148.5707 259.3279
2.0970 66.0980 148.5707 259.3279
1.5021 65.5894 148.5707 259.3279
1.1858 65.3221 148.5707 259.3279
1.0183 65.1805 148.5707 259.3279
0.9256 65.1017 148.5707 259.3279
0.8740 65.0581 148.5707 259.3279
0.8452 65.0340 148.5707 259.3279
0.8292 65.0206 148.5707 259.3279
0.8204 65.0132 148.5707 259.3279
0.8154 65.0090 148.5707 259.3279
